1.000000000000000222e+00 7.063772200372074872e-01 3.736639626621518495e-01 -1.925636402764901477e-17 0.000000000000000000e+00 0.000000000000000000e+00 1.837659445758986210e-01 2.744090684321457974e-01 4.284285737035204433e-01 3.111098545923822178e-01 -5.630732925264003708e-01 0.000000000000000000e+00 0.000000000000000000e+00 1.717626559766151084e-01
7.063772200372074872e-01 1.000000000000000222e+00 7.889632276872357020e-01 -1.694117641211591828e-16 0.000000000000000000e+00 0.000000000000000000e+00 4.631805400594867228e-01 4.284285737035204433e-01 7.300487611061725612e-01 6.784864599092981230e-01 -4.141804537486551419e-01 0.000000000000000000e+00 0.000000000000000000e+00 4.350705159959459278e-01
3.736639626621518495e-01 7.889632276872357020e-01 1.000000000000000888e+00 0.000000000000000000e+00 0.000000000000000000e+00 0.000000000000000000e+00 8.208664008791376476e-01 3.111098545923822178e-01 6.784864599092981230e-01 9.055518334306827954e-01 -1.279504758599573355e-01 0.000000000000000000e+00 0.000000000000000000e+00 7.796730684071963013e-01
-1.925636402764901477e-17 -1.694117641211591828e-16 0.000000000000000000e+00 1.000000000000000000e+00 0.000000000000000000e+00 0.000000000000000000e+00 -5.198820882407056657e-17 5.630732925264004818e-01 4.141804537486551419e-01 1.279504758599573355e-01 -2.173671818101564346e-01 0.000000000000000000e+00 0.000000000000000000e+00 2.789236014826485324e-02
0.000000000000000000e+00 0.000000000000000000e+00 0.000000000000000000e+00 0.000000000000000000e+00 1.000000000000000444e+00 0.000000000000000000e+00 0.000000000000000000e+00 0.000000000000000000e+00 0.000000000000000000e+00 0.000000000000000000e+00 0.000000000000000000e+00 4.846978506299710610e-01 0.000000000000000000e+00 0.000000000000000000e+00
0.000000000000000000e+00 0.000000000000000000e+00 0.000000000000000000e+00 0.000000000000000000e+00 0.000000000000000000e+00 1.000000000000000444e+00 0.000000000000000000e+00 0.000000000000000000e+00 0.000000000000000000e+00 0.000000000000000000e+00 0.000000000000000000e+00 0.000000000000000000e+00 4.846978506299710610e-01 0.000000000000000000e+00
1.837659445758986210e-01 4.631805400594867228e-01 8.208664008791376476e-01 -5.198820882407056657e-17 0.000000000000000000e+00 0.000000000000000000e+00 1.000000000000000000e+00 1.717626559766151084e-01 4.350705159959459278e-01 7.796730684071963013e-01 -2.789236014826485324e-02 0.000000000000000000e+00 0.000000000000000000e+00 9.658342731367278722e-01
2.744090684321457974e-01 4.284285737035204433e-01 3.111098545923822178e-01 5.630732925264004818e-01 0.000000000000000000e+00 0.000000000000000000e+00 1.717626559766151084e-01 1.000000000000000222e+00 7.063772200372074872e-01 3.736639626621518495e-01 1.925636402764901477e-17 0.000000000000000000e+00 0.000000000000000000e+00 1.837659445758986210e-01
4.284285737035204433e-01 7.300487611061725612e-01 6.784864599092981230e-01 4.141804537486551419e-01 0.000000000000000000e+00 0.000000000000000000e+00 4.350705159959459278e-01 7.063772200372074872e-01 1.000000000000000222e+00 7.889632276872357020e-01 1.694117641211591828e-16 0.000000000000000000e+00 0.000000000000000000e+00 4.631805400594867228e-01
3.111098545923822178e-01 6.784864599092981230e-01 9.055518334306827954e-01 1.279504758599573355e-01 0.000000000000000000e+00 0.000000000000000000e+00 7.796730684071963013e-01 3.736639626621518495e-01 7.889632276872357020e-01 1.000000000000000888e+00 0.000000000000000000e+00 0.000000000000000000e+00 0.000000000000000000e+00 8.208664008791376476e-01
-5.630732925264003708e-01 -4.141804537486551419e-01 -1.279504758599573355e-01 -2.173671818101564346e-01 0.000000000000000000e+00 0.000000000000000000e+00 -2.789236014826485324e-02 1.925636402764901477e-17 1.694117641211591828e-16 0.000000000000000000e+00 1.000000000000000000e+00 0.000000000000000000e+00 0.000000000000000000e+00 5.198820882407056657e-17
0.000000000000000000e+00 0.000000000000000000e+00 0.000000000000000000e+00 0.000000000000000000e+00 4.846978506299710610e-01 0.000000000000000000e+00 0.000000000000000000e+00 0.000000000000000000e+00 0.000000000000000000e+00 0.000000000000000000e+00 0.000000000000000000e+00 1.000000000000000444e+00 0.000000000000000000e+00 0.000000000000000000e+00
0.000000000000000000e+00 0.000000000000000000e+00 0.000000000000000000e+00 0.000000000000000000e+00 0.000000000000000000e+00 4.846978506299710610e-01 0.000000000000000000e+00 0.000000000000000000e+00 0.000000000000000000e+00 0.000000000000000000e+00 0.000000000000000000e+00 0.000000000000000000e+00 1.000000000000000444e+00 0.000000000000000000e+00
1.717626559766151084e-01 4.350705159959459278e-01 7.796730684071963013e-01 2.789236014826485324e-02 0.000000000000000000e+00 0.000000000000000000e+00 9.658342731367278722e-01 1.837659445758986210e-01 4.631805400594867228e-01 8.208664008791376476e-01 5.198820882407056657e-17 0.000000000000000000e+00 0.000000000000000000e+00 1.000000000000000000e+00
