1.000000000000000000e+00 -2.973372776273692786e-01 5.264137552245160556e-01 1.413420269662515050e-01 -6.544343480144364330e-17 4.566204380119553769e-16 1.656577820752512994e-17 -1.187521047517138500e-18 -3.618719969287602812e-18 7.329049818937244914e-18 -2.264766204329246473e-18 1.734712918236803402e-17 1.132078222693446255e-18 0.000000000000000000e+00 9.362294443795169316e-34 3.145562118596019448e-34 0.000000000000000000e+00 -3.885163536860919916e-34 0.000000000000000000e+00 0.000000000000000000e+00 6.152156132510848854e-35 0.000000000000000000e+00 0.000000000000000000e+00 0.000000000000000000e+00 0.000000000000000000e+00 9.629649721936179265e-35 0.000000000000000000e+00 0.000000000000000000e+00 -1.203706215242022408e-35 0.000000000000000000e+00 5.821179839174998177e-02 8.971460525691673587e-19 0.000000000000000000e+00 -3.852436667954187671e-19 0.000000000000000000e+00 -1.160287132258770335e-33 -1.482580216245943986e-34 0.000000000000000000e+00 5.801435661293851674e-34 0.000000000000000000e+00 7.703719777548943412e-34 -4.814824860968089633e-35 0.000000000000000000e+00 2.486905825633657496e-49 -7.703719777548943412e-34 0.000000000000000000e+00 -2.823601075034761800e-12 3.051796928092248688e-06 -1.625759380887852519e-06 1.462639710564656845e-05 1.076589824133093365e-06 6.221856570543765445e-03 2.163281289883331774e-04 -5.048486617797544475e-11 1.739133350591563301e-05 -5.894606911667158854e-05 -2.161791537006092518e-05 -1.960512276607702105e-05 1.280747995176134690e-03 5.947455765560084873e-03 -8.143771424372795912e-13 1.251556932008103624e-06 2.887666094093176524e-06 -6.556207411452927046e-06 -1.519824260049039563e-06 1.366942788227197439e-04 5.356491503409306111e-03 -9.000104848428113249e-13 1.352554223356376875e-06 5.714996437328755524e-06 -1.856747503019132140e-06 4.913282373056623669e-06 2.464037384825112182e-04 4.785791686046775122e-03 -1.158512078677692167e-14 -1.308049732575792454e-07 6.717644539427008532e-08 1.054597959953057902e-07 -2.109998505872596505e-07 2.460722381046584733e-03 9.372735162002063551e-05 -9.210513911790796867e-14 9.543173016716097652e-08 -7.226457188823896979e-07 -2.721492416969546021e-07 1.635981042491217419e-06 1.427548854368761557e-03 7.284622325078323564e-04 -1.303886349197824372e-19 -1.169386219835364864e-08 -2.685688773016245198e-08 -2.351560644926085594e-08 -1.188444070758005171e-09 6.875777268965649330e-06 1.026468110377101249e-05 -3.318010222839186533e-27 -3.529698750283076029e-11 9.575590601153460973e-11 -1.024632910223492641e-10 2.200661082119657926e-11 9.272806438285358867e-06 5.808569327448775604e-08
-2.973372776273692786e-01 1.000000000000000000e+00 5.172967883778937237e-01 7.393326433516588247e-01 4.232177622616255597e-17 -1.875271797602593798e-16 7.176602697659873321e-17 -1.085704836888616344e-16 4.379917293811239546e-16 -3.790999531473176935e-18 2.478241740107841085e-18 -1.461081406016657089e-17 -1.239002840735451465e-18 0.000000000000000000e+00 -1.195271726086974898e-31 -1.502035604909866848e-32 0.000000000000000000e+00 5.973263322508761402e-32 0.000000000000000000e+00 0.000000000000000000e+00 -5.445431868196595598e-33 0.000000000000000000e+00 0.000000000000000000e+00 4.930380657631323784e-32 0.000000000000000000e+00 -6.162975822039154730e-33 0.000000000000000000e+00 0.000000000000000000e+00 3.009265538105056020e-36 0.000000000000000000e+00 4.173688503007691453e-01 -7.555947489648134352e-19 0.000000000000000000e+00 3.504131556946823288e-19 0.000000000000000000e+00 9.760348703582018041e-34 1.233005262576280874e-34 0.000000000000000000e+00 -4.880174351791009021e-34 0.000000000000000000e+00 0.000000000000000000e+00 3.081487911019577365e-33 0.000000000000000000e+00 -2.091982658887633153e-49 0.000000000000000000e+00 0.000000000000000000e+00 3.604854078237828183e-10 5.812999069241647472e-04 -1.582674681127393750e-04 1.423877890378825832e-03 1.048058818940548364e-04 6.241153495981448945e-02 3.358709936931224532e-03 6.445335969732383118e-09 1.545720126127702243e-03 -3.179700213132254615e-03 -1.166125089250719940e-03 -1.057549960021814074e-03 1.496673533981733063e-02 5.976104173462298830e-02 1.039704506806987056e-10 3.810597640227178658e-04 3.822885099085378074e-04 -8.679544934584044460e-04 -2.012044788992304050e-04 2.294088133936375562e-03 5.406677362994894570e-02 1.149031460367492101e-10 3.942283169246593071e-04 7.368151867251623898e-04 -2.393841838995047658e-04 6.334529004237269591e-04 3.742804417411249845e-03 4.858935425227846328e-02 1.479057019928938417e-12 8.963878938535669368e-05 6.830776502222697232e-05 1.072358461639262117e-04 -2.145533025608538976e-04 2.643742385599480785e-02 1.677890858013246196e-03 1.175894106683485351e-11 1.815952606064796728e-04 -1.935755293777935838e-04 -7.290077579471133246e-05 4.382311941763713517e-04 1.642886308211259985e-02 9.268395105718788343e-03 1.664654424813371567e-17 1.829971453165532205e-06 4.597536567051991525e-06 4.025554324578712345e-06 2.034455789555107481e-07 1.947611667512085996e-04 2.705945298397100071e-04 4.236059686048033089e-25 4.593924478788125700e-09 -1.255481182414532944e-08 1.343423493390867953e-08 -2.885345345842605477e-09 2.489279901896575059e-04 4.169567861921529551e-06
5.264137552245160556e-01 5.172967883778937237e-01 9.999999999999994449e-01 5.203747002151715151e-01 2.300877739056854113e-16 2.168137747146470482e-16 2.710172183933088103e-17 0.000000000000000000e+00 0.000000000000000000e+00 4.572474403741150186e-17 0.000000000000000000e+00 0.000000000000000000e+00 0.000000000000000000e+00 0.000000000000000000e+00 0.000000000000000000e+00 0.000000000000000000e+00 0.000000000000000000e+00 0.000000000000000000e+00 0.000000000000000000e+00 0.000000000000000000e+00 -4.444935312769436832e-33 0.000000000000000000e+00 0.000000000000000000e+00 0.000000000000000000e+00 0.000000000000000000e+00 0.000000000000000000e+00 0.000000000000000000e+00 0.000000000000000000e+00 0.000000000000000000e+00 0.000000000000000000e+00 2.408996144305216303e-01 0.000000000000000000e+00 0.000000000000000000e+00 0.000000000000000000e+00 0.000000000000000000e+00 -7.318791088174733718e-33 0.000000000000000000e+00 0.000000000000000000e+00 0.000000000000000000e+00 0.000000000000000000e+00 0.000000000000000000e+00 7.703719777548943412e-34 0.000000000000000000e+00 0.000000000000000000e+00 0.000000000000000000e+00 1.540743955509788682e-33 2.953645815396722303e-20 7.891545728671106011e-05 -2.635185879327564483e-05 2.370785958324798947e-04 1.745039478618253239e-05 2.901354684759749683e-02 1.220261334254763670e-03 1.409074206572842639e-17 2.623120698845693823e-04 -6.606608863625438883e-04 -2.422911543334029926e-04 -2.197320021161454102e-04 6.392263850317105381e-03 2.774775014160067027e-02 2.060156963139769411e-21 4.698321659066721594e-05 5.782264642282077850e-05 -1.312815438746802019e-04 -3.043297180148461670e-05 7.974903943219570140e-04 2.502997537711621617e-02 2.552271902653640899e-21 4.898460275409732985e-05 1.123110304201949030e-04 -3.648877607904042178e-05 9.655575679086409293e-05 1.376866946857217226e-03 2.241595249960308400e-02 2.253175090581091999e-25 7.952846896667751836e-06 7.433919334578532110e-06 1.167045400912328717e-05 -2.334978964230222215e-05 1.182744038903557442e-02 5.624677665207190565e-04 1.926762248435093270e-23 1.891400052262811948e-05 -2.473494240081255255e-05 -9.315208880237692908e-06 5.599686789458077808e-05 7.077042509071060014e-03 3.772586544300638063e-03 5.157589779400078903e-36 6.734884813887191953e-08 2.073654172680783656e-07 1.815669631066888806e-07 9.176126553030674341e-09 5.091149448766907424e-05 7.345191496685003231e-05 2.254378327832245890e-52 4.388910926744866189e-11 -1.469460059551526214e-10 1.572390884269945176e-10 -3.377111344332893522e-11 6.692658113751509281e-05 7.062815655760429220e-07
1.413420269662515050e-01 7.393326433516588247e-01 5.203747002151715151e-01 9.999999999999997780e-01 -6.554300413481003758e-17 0.000000000000000000e+00 9.094777266746020445e-18 -8.547290877268572206e-17 3.418916350907428883e-16 4.273645438634286103e-17 0.000000000000000000e+00 0.000000000000000000e+00 0.000000000000000000e+00 0.000000000000000000e+00 0.000000000000000000e+00 0.000000000000000000e+00 0.000000000000000000e+00 0.000000000000000000e+00 0.000000000000000000e+00 0.000000000000000000e+00 0.000000000000000000e+00 0.000000000000000000e+00 0.000000000000000000e+00 0.000000000000000000e+00 0.000000000000000000e+00 -4.622231866529366047e-33 0.000000000000000000e+00 0.000000000000000000e+00 0.000000000000000000e+00 0.000000000000000000e+00 7.747144195933315380e-01 0.000000000000000000e+00 0.000000000000000000e+00 1.061991009869191471e-17 0.000000000000000000e+00 0.000000000000000000e+00 0.000000000000000000e+00 0.000000000000000000e+00 7.196131172919562864e-33 0.000000000000000000e+00 -4.930380657631323784e-32 0.000000000000000000e+00 0.000000000000000000e+00 0.000000000000000000e+00 0.000000000000000000e+00 0.000000000000000000e+00 7.985692620332395929e-05 8.636768769126043632e-03 -1.610994369306497850e-03 1.449356138272401250e-02 1.066812324825038710e-03 1.735514327485668529e-01 1.511089016754397878e-02 2.356625555833131687e-04 1.638629325236299825e-02 -2.353648503551719964e-02 -8.631784090630919420e-03 -7.828099235759599164e-03 5.215269603588453678e-02 1.675581890320467504e-01 5.005404388129754058e-05 6.558078120782445848e-03 4.474380947258153017e-03 -1.015871245920135779e-02 -2.354937340662185616e-03 1.111596462051474450e-02 1.544116807995164209e-01 5.197059382804214428e-05 6.704789052239237303e-03 8.527106783539867979e-03 -2.770375170297658621e-03 7.330902811957072142e-03 1.649741759312612147e-02 1.414003047978446559e-01 1.010941372765093515e-05 2.564932995692743769e-03 1.301865783404554259e-03 2.043789294377042123e-03 -4.089133983955283574e-03 8.466045422905416062e-02 8.658635944569399723e-03 2.205668695790323792e-05 4.051381640149741975e-03 -2.903451006969029555e-03 -1.093443120472538128e-03 6.573056037126300162e-03 5.644836450000386557e-02 3.482457695889858151e-02 1.379908977514501015e-07 2.104763330585119989e-04 3.417972840906301104e-04 2.992740818987236237e-04 1.512487075047402146e-05 1.600592912762223300e-03 2.066407742139124600e-03 1.887886472092825135e-10 4.621277682267620326e-06 -8.057549261739913995e-06 8.621953979873798153e-06 -1.851785003782121761e-06 1.936595725335574095e-03 8.259236612752566121e-05
-6.544343480144364330e-17 4.232177622616255597e-17 2.300877739056854113e-16 -6.554300413481003758e-17 1.000000000000000222e+00 0.000000000000000000e+00 -3.150932616346895821e-33 5.955469686281162911e-01 0.000000000000000000e+00 0.000000000000000000e+00 1.973841089921888892e-01 3.810040013052719312e-33 -1.315104532262614956e-33 -1.800757706384719513e-16 1.378655502887208948e-16 3.375237918927973110e-17 0.000000000000000000e+00 0.000000000000000000e+00 1.949269427462092269e-19 0.000000000000000000e+00 2.900390022391544718e-17 0.000000000000000000e+00 0.000000000000000000e+00 -5.551115123125782702e-17 0.000000000000000000e+00 -6.358106692020680408e-35 0.000000000000000000e+00 0.000000000000000000e+00 0.000000000000000000e+00 0.000000000000000000e+00 0.000000000000000000e+00 4.567715435907282462e-02 0.000000000000000000e+00 0.000000000000000000e+00 1.263789018725498671e-17 -4.377893580960357170e-17 -5.485659356009740269e-18 0.000000000000000000e+00 3.475481098555599121e-49 -2.775557561562891351e-17 -2.049988031644150514e-32 -2.570079516849442084e-33 0.000000000000000000e+00 8.127305040989332156e-33 1.368455531567204171e-48 1.710569414459005214e-49 4.159515824861774905e-24 9.398730528275781325e-06 1.184182123561008979e-05 2.930598412049512238e-05 2.157094741954659436e-06 3.001083603436264808e-03 -1.856518932262671230e-04 5.297911269441189697e-20 2.466481883338440990e-04 -5.924589895294868043e-04 -2.365475002222937459e-04 -2.145231259573400907e-04 2.451885230124658914e-03 1.305043557506503638e-02 -6.195161211209413481e-25 -2.022280044328463248e-05 -1.701284692497127102e-05 5.863972724622380501e-05 1.359354188761382653e-05 -2.534626061775273158e-04 -4.906722490132109024e-03 -1.494013888960944628e-24 -3.934136530477259854e-05 -8.440191043490424523e-05 3.041194257097946929e-05 -8.047538026653487219e-05 -8.504567043496074783e-04 -6.882507105004239192e-03 -7.935232464777966678e-30 -2.432472853863810230e-06 -9.624440796205191922e-07 -3.702470813225644095e-06 7.407759336354809734e-06 -2.541195121171920153e-03 -1.552215152081331989e-05 2.362903384273604433e-27 8.359797626557836052e-06 -7.913079493407292969e-06 -4.271523507273796127e-06 2.567757101538056683e-05 1.586150988729194368e-03 8.107904569938537099e-04 -3.943604619689735832e-42 -5.695692969166220224e-08 -1.717946302338141727e-07 -1.591104956788847003e-07 -8.041209806472218171e-09 -3.651098785601648486e-05 -4.755377167777067796e-05 8.309176277258974910e-62 3.106570697071325601e-11 -1.027021528293634062e-10 1.152221917694324283e-10 -2.474691088813557937e-11 3.020718340108455893e-05 4.756464742745496579e-07
4.566204380119553769e-16 -1.875271797602593798e-16 2.168137747146470482e-16 0.000000000000000000e+00 0.000000000000000000e+00 1.000000000000000222e+00 0.000000000000000000e+00 0.000000000000000000e+00 5.955469686281162911e-01 0.000000000000000000e+00 3.810040013052719312e-33 1.973841089921888892e-01 1.905020006526359656e-33 -7.959671257116891273e-17 -1.559501919789766398e-16 0.000000000000000000e+00 1.378655502887209194e-16 3.375237918927973110e-17 0.000000000000000000e+00 1.688116843002520162e-19 0.000000000000000000e+00 0.000000000000000000e+00 2.900390022391544718e-17 0.000000000000000000e+00 5.551115123125782702e-17 0.000000000000000000e+00 0.000000000000000000e+00 -5.026524688286019176e-35 0.000000000000000000e+00 0.000000000000000000e+00 -3.393929172630471913e-18 0.000000000000000000e+00 4.567715435907282462e-02 0.000000000000000000e+00 2.527578037450997343e-17 1.094473395240089293e-17 3.475481098555599121e-49 -4.377893580960358403e-17 -5.485659356009740269e-18 1.255356164085155781e-32 2.775557561562891351e-17 -2.570079516849442426e-33 -1.620657839020211506e-32 -2.031826260247333039e-33 -2.775557561562891351e-17 9.953875167186693791e-33 -3.742173099959257528e-23 -8.455714087311654080e-05 2.930598412049510883e-05 -2.485565915753189877e-04 -1.940663831390646184e-05 -1.352436377132965571e-02 -8.160710521265053963e-04 1.942959033183088063e-20 9.045589878141417585e-05 -2.365475002222936103e-04 -3.421102408478845938e-05 -7.867433488546348894e-05 2.274436015861388063e-03 7.620152291562844443e-04 1.406560195140286053e-24 4.591419846560630935e-05 5.863972724622379824e-05 -1.243217757505303729e-04 -3.086301434011778320e-05 4.271758708629264925e-04 1.096951346522172070e-02 4.853907763940330858e-25 1.278163207904692113e-05 3.041194257097947607e-05 -6.756849914738073861e-07 2.614567882989711419e-05 2.334650172864313484e-04 2.313496491067137863e-03 -1.245746171889874165e-29 -3.818720824345337566e-06 -3.702470813225645789e-06 -4.416501951997101740e-06 1.162938562481507983e-05 -2.861758725906907771e-03 -1.071028454936120451e-04 8.898722395086762247e-28 3.148309780795902970e-06 -4.271523507273790198e-06 1.820559027885844112e-06 9.670203943452450039e-06 -5.978042063352991724e-04 1.078954226343651528e-03 -3.452978437406972449e-42 -4.987088439451307267e-08 -1.591104956788846739e-07 -1.293919357604947945e-07 -7.040798140306104298e-09 -2.023163295180060132e-05 -3.465700665024941960e-05 -8.891206636906867344e-62 -3.324175715878855600e-11 1.152221917694323636e-10 -1.183156867112021512e-10 2.648035027656401245e-11 -4.516284570201328720e-05 -4.757900873404537746e-07
1.656577820752512994e-17 7.176602697659873321e-17 2.710172183933088103e-17 9.094777266746020445e-18 -3.150932616346895821e-33 0.000000000000000000e+00 1.000000000000000222e+00 0.000000000000000000e+00 0.000000000000000000e+00 5.955469686281162911e-01 -1.315104532262614956e-33 1.905020006526359656e-33 1.973841089921888892e-01 -1.948694521072097980e-17 0.000000000000000000e+00 -1.559501919789766398e-16 -3.375237918927973726e-17 1.378655502887208948e-16 -1.674540960182663198e-17 0.000000000000000000e+00 1.688116843002520162e-19 -2.900390022391544718e-17 0.000000000000000000e+00 3.893529281406436161e-35 0.000000000000000000e+00 4.163336342344337027e-17 5.026524688286018107e-35 0.000000000000000000e+00 0.000000000000000000e+00 0.000000000000000000e+00 1.818587681047081662e-17 0.000000000000000000e+00 0.000000000000000000e+00 4.567715435907282462e-02 3.167146905874813202e-18 3.475481098555599121e-49 1.094473395240089293e-17 5.485659356009741039e-18 -4.377893580960357170e-17 1.573845853664963643e-33 -2.570079516849442426e-33 2.428612866367529932e-17 2.031826260247333381e-33 -1.620657839020211779e-32 -9.953875167186693791e-33 2.775557561562891351e-17 -2.754461984356627703e-24 -6.223908510363228466e-06 2.157094741954660283e-06 -1.940663831390647539e-05 1.367080817459691412e-05 -3.975461396759723178e-04 -7.460244789153678104e-05 1.762054745933876348e-20 8.203376552123416339e-05 -2.145231259573401178e-04 -7.867433488546352960e-05 -1.880861245914244319e-05 1.590870781786357744e-03 2.456204427960086666e-03 3.260611163794427592e-25 1.064357918067612236e-05 1.359354188761382822e-05 -3.086301434011778997e-05 1.660386931171933863e-06 2.754305960792940620e-04 1.510771315569458314e-03 -1.284429865570417027e-24 -3.382245969942699839e-05 -8.047538026653487219e-05 2.614567882989710741e-05 -5.998122833077760522e-05 -3.207326306445319351e-04 -8.227698047178615484e-03 2.492440400227153754e-29 7.640347828922292457e-06 7.407759336354811428e-06 1.162938562481507645e-05 -2.187164250958168959e-05 5.006620663042844407e-03 3.963322688314337844e-04 -5.349322691468254387e-27 -1.892555380700668515e-05 2.567757101538056344e-05 9.670203943452463592e-06 -5.470164327362238841e-05 -3.674183445814385978e-03 -1.897843589123237792e-03 -1.745084380131112283e-43 -2.520400951172576490e-09 -8.041209806472223134e-09 -7.040798140306110916e-09 9.567697526570144305e-09 -7.680630993323314041e-06 1.286423850790581072e-05 1.909613894273327005e-62 7.139517045637567154e-12 -2.474691088813557291e-11 2.648035027656401891e-11 -7.098929839127363180e-13 9.260380415807508794e-06 -3.202571369662580597e-08
-1.187521047517138500e-18 -1.085704836888616344e-16 0.000000000000000000e+00 -8.547290877268572206e-17 5.955469686281162911e-01 0.000000000000000000e+00 0.000000000000000000e+00 9.999999999999994449e-01 0.000000000000000000e+00 0.000000000000000000e+00 6.408478518307391125e-01 -1.864809998129638311e-32 -2.331012497662047889e-33 0.000000000000000000e+00 -5.031884152452302189e-16 0.000000000000000000e+00 0.000000000000000000e+00 0.000000000000000000e+00 1.183788729824782934e-16 0.000000000000000000e+00 0.000000000000000000e+00 0.000000000000000000e+00 0.000000000000000000e+00 1.110223024625156540e-16 0.000000000000000000e+00 0.000000000000000000e+00 0.000000000000000000e+00 0.000000000000000000e+00 0.000000000000000000e+00 0.000000000000000000e+00 0.000000000000000000e+00 2.001564249035738541e-01 0.000000000000000000e+00 0.000000000000000000e+00 0.000000000000000000e+00 1.631265950956167426e-16 0.000000000000000000e+00 0.000000000000000000e+00 0.000000000000000000e+00 -1.110223024625156540e-16 0.000000000000000000e+00 0.000000000000000000e+00 0.000000000000000000e+00 0.000000000000000000e+00 0.000000000000000000e+00 0.000000000000000000e+00 1.768876017929401438e-10 1.660167210792423817e-04 2.210925364530170350e-04 4.130362323634601592e-04 3.040192342303535620e-05 1.645764892392091033e-02 -1.207077317228598835e-03 2.612782312810003575e-08 3.382294422728093081e-03 -6.371893248487252477e-03 -2.601776629470605937e-03 -2.359531405203089179e-03 1.372029477212290301e-02 7.157043445125450820e-02 -1.808109671678901764e-10 -3.986529009836747026e-04 -2.319031941460750223e-04 9.213375763381816521e-04 2.135794541471404222e-04 -1.725033407425621401e-03 -2.689346918287522509e-02 -3.734397831460980252e-10 -7.687160131769606251e-04 -1.277902979065449621e-03 4.736580755627151128e-04 -1.253383063520527871e-03 -5.459491089833647809e-03 -3.767369294989826589e-02 -1.709375554450058816e-12 -6.987870334247147405e-05 -1.381008530022383244e-05 -8.464999236104078957e-05 1.693644063296622997e-04 -1.387647669155030530e-02 -1.097476270656838203e-04 2.029114335643194099e-11 1.998499140289352390e-04 -1.338769763868646466e-04 -8.130333275943860594e-05 4.887418030505029419e-04 8.823642442110859671e-03 4.718524620249847992e-03 -4.434110236089367473e-17 -4.492729416041291343e-06 -1.062858668814662751e-05 -9.991659982765583402e-06 -5.049637605208787526e-07 -3.370258782059629946e-04 -4.214044602987783200e-04 7.085571821013883546e-25 1.150072650420711046e-08 -2.992156561890058932e-08 3.398922648368228272e-08 -7.300055189294604770e-09 2.704725988288297933e-04 7.065801169110077517e-06
-3.618719969287602812e-18 4.379917293811239546e-16 0.000000000000000000e+00 3.418916350907428883e-16 0.000000000000000000e+00 5.955469686281162911e-01 0.000000000000000000e+00 0.000000000000000000e+00 9.999999999999994449e-01 0.000000000000000000e+00 -1.864809998129638311e-32 6.408478518307391125e-01 9.324049990648191555e-33 2.905159669949349330e-16 0.000000000000000000e+00 0.000000000000000000e+00 -5.031884152452303175e-16 0.000000000000000000e+00 0.000000000000000000e+00 1.025191112741975314e-16 0.000000000000000000e+00 0.000000000000000000e+00 0.000000000000000000e+00 0.000000000000000000e+00 0.000000000000000000e+00 0.000000000000000000e+00 0.000000000000000000e+00 0.000000000000000000e+00 1.110223024625156540e-16 0.000000000000000000e+00 1.853389079208731635e-16 0.000000000000000000e+00 2.001564249035738541e-01 0.000000000000000000e+00 -9.418118359044141172e-17 0.000000000000000000e+00 0.000000000000000000e+00 1.631265950956167179e-16 0.000000000000000000e+00 0.000000000000000000e+00 0.000000000000000000e+00 0.000000000000000000e+00 0.000000000000000000e+00 0.000000000000000000e+00 -1.110223024625156540e-16 0.000000000000000000e+00 -1.591396818806049990e-09 -1.493595249843351208e-03 4.130362323634601592e-04 -3.448942187466502805e-03 -2.735156321336625258e-04 -7.416628800779939690e-02 -5.305956428185833705e-03 9.582132916602539327e-09 1.240424606472786224e-03 -2.601776629470605937e-03 -2.317458845175887551e-04 -8.653359078061882486e-04 1.272732189685913187e-02 4.178999290521108988e-03 4.105163701035038753e-10 9.051084920700128373e-04 9.213375763381815436e-04 -1.917923116927243692e-03 -4.849145138622008096e-04 2.907303208144855922e-03 6.012328451860993878e-02 1.213270021229651259e-10 2.497484563025001740e-04 4.736580755627151670e-04 2.611115042026340111e-05 4.072121302329235700e-04 1.498724362033092630e-03 1.266369291239208966e-02 -2.683535816663532935e-12 -1.097020504086110971e-04 -8.464999236104077602e-05 -9.278058561229506876e-05 2.658839067110826417e-04 -1.562694966869540222e-02 -7.572586267532178126e-04 7.641668847298451782e-12 7.526371655573055059e-05 -8.130333275943861949e-05 5.139117215760274514e-05 1.840607473486523065e-04 -3.325541265979147128e-03 6.279146525726492060e-03 -3.882459960072446140e-17 -3.933786293189582565e-06 -9.991659982765583402e-06 -7.965825166835338865e-06 -4.421409205286186140e-07 -1.867542968163676213e-04 -3.071179565310179472e-04 -7.581892729090239347e-25 -1.230631441811087842e-08 3.398922648368228934e-08 -3.452737923145898615e-08 7.811399949051733915e-09 -4.043843507465315194e-04 -7.067934563182879320e-06
7.329049818937244914e-18 -3.790999531473176935e-18 4.572474403741150186e-17 4.273645438634286103e-17 0.000000000000000000e+00 0.000000000000000000e+00 5.955469686281162911e-01 0.000000000000000000e+00 0.000000000000000000e+00 9.999999999999994449e-01 -2.331012497662047889e-33 9.324049990648191555e-33 6.408478518307391125e-01 0.000000000000000000e+00 0.000000000000000000e+00 0.000000000000000000e+00 0.000000000000000000e+00 -5.031884152452302189e-16 0.000000000000000000e+00 0.000000000000000000e+00 1.025191112741975314e-16 0.000000000000000000e+00 0.000000000000000000e+00 0.000000000000000000e+00 0.000000000000000000e+00 -2.775557561562891351e-17 0.000000000000000000e+00 0.000000000000000000e+00 0.000000000000000000e+00 -1.110223024625156540e-16 0.000000000000000000e+00 0.000000000000000000e+00 0.000000000000000000e+00 2.001564249035738541e-01 0.000000000000000000e+00 0.000000000000000000e+00 0.000000000000000000e+00 0.000000000000000000e+00 1.631265950956167426e-16 0.000000000000000000e+00 0.000000000000000000e+00 2.775557561562891351e-17 0.000000000000000000e+00 0.000000000000000000e+00 0.000000000000000000e+00 1.110223024625156540e-16 -1.171362714214118885e-10 -1.099374942263880197e-04 3.040192342303537991e-05 -2.735156321336627968e-04 2.468701343393402158e-04 -2.180104143168743337e-03 -4.850525415857255161e-04 8.689963346374731534e-09 1.124931626184509864e-03 -2.359531405203088746e-03 -8.653359078061882486e-04 -6.233536626043814850e-05 8.902217690408250131e-03 1.347017247041751645e-02 9.516366693046850436e-11 2.098173163071971777e-04 2.135794541471403951e-04 -4.849145138622007554e-04 6.148752970868102822e-05 1.874544678717426785e-03 8.280452358850472552e-03 -3.210527117646676915e-10 -6.608785987614882503e-04 -1.253383063520527654e-03 4.072121302329235158e-04 -8.975572230397462848e-04 -2.058937192530977539e-03 -4.503704321474779476e-02 5.369113898027724104e-12 2.194875879179898257e-04 1.693644063296622997e-04 2.658839067110826959e-04 -4.918593601383099969e-04 2.733920522486630797e-02 2.802222744410459102e-03 -4.593665332015463250e-11 -4.524356294540627125e-04 4.887418030505027251e-04 1.840607473486522252e-04 -1.024441236160049482e-03 -2.043921494419848051e-02 -1.104480402231623921e-02 -1.962138007990217339e-18 -1.988077579822406951e-07 -5.049637605208787526e-07 -4.421409205286185082e-07 7.604213400970417783e-07 -7.089842148092324002e-05 1.139982654228227063e-04 1.628405265069568415e-25 2.643095584189025284e-09 -7.300055189294602288e-09 7.811399949051730606e-09 1.649825211189957309e-10 8.291667329424459352e-05 -4.757468782341624824e-07
-2.264766204329246473e-18 2.478241740107841085e-18 0.000000000000000000e+00 0.000000000000000000e+00 1.973841089921888892e-01 3.810040013052719312e-33 -1.315104532262614956e-33 6.408478518307391125e-01 -1.864809998129638311e-32 -2.331012497662047889e-33 1.000000000000000000e+00 0.000000000000000000e+00 0.000000000000000000e+00 0.000000000000000000e+00 0.000000000000000000e+00 0.000000000000000000e+00 0.000000000000000000e+00 0.000000000000000000e+00 7.938988893653603616e-17 0.000000000000000000e+00 0.000000000000000000e+00 0.000000000000000000e+00 0.000000000000000000e+00 -5.551115123125782702e-17 0.000000000000000000e+00 0.000000000000000000e+00 0.000000000000000000e+00 0.000000000000000000e+00 0.000000000000000000e+00 0.000000000000000000e+00 -4.673141502664865317e-17 6.144842492906085196e-01 0.000000000000000000e+00 0.000000000000000000e+00 6.910384899967852037e-17 0.000000000000000000e+00 -2.992284436650272975e-17 0.000000000000000000e+00 0.000000000000000000e+00 0.000000000000000000e+00 0.000000000000000000e+00 0.000000000000000000e+00 0.000000000000000000e+00 0.000000000000000000e+00 0.000000000000000000e+00 0.000000000000000000e+00 1.022308694389180797e-04 4.190167476509349190e-03 6.405614097588748293e-03 6.845413882339237976e-03 5.038631779565683286e-04 7.110413914084851017e-02 -9.724574950123826556e-03 2.004448927148107674e-03 5.771499598253457264e-02 -6.787760864604715227e-02 -2.976487085373153568e-02 -2.699353463155822891e-02 8.393669187658735209e-02 3.140793483144780351e-01 -2.494412645311232289e-04 -1.192237977384016240e-02 -2.397182978687040136e-03 1.793466321408647077e-02 4.157515852985673929e-03 -1.505805890131916257e-02 -1.221492986190949592e-01 -4.803790540432658100e-04 -2.267768083312837746e-02 -2.239358996268560678e-02 9.101370820622236082e-03 -2.408383732893290205e-02 -4.302863952172043122e-02 -1.770796011587794927e-01 -4.614042320484411608e-05 -3.751126168956932239e-03 4.101064528927766462e-04 -2.878710301962816766e-03 5.759611403242195261e-03 -7.619542114239136188e-02 -1.026485051803380320e-03 1.285564318571605130e-04 8.059065324303714764e-03 -2.114580370516771363e-03 -2.103179544618818952e-03 1.264292284078115218e-02 5.309411654018191679e-02 3.138512685869073587e-02 -3.426070139137012556e-06 -1.190365277214195912e-03 -1.618415825788061414e-03 -1.601806862678875057e-03 -8.095295660597468402e-05 -5.357602451108236206e-03 -6.150944848292122513e-03 1.099326442113915756e-08 3.686210785092481273e-05 -5.410923106003201515e-05 6.424680647580625621e-05 -1.379864390954816441e-05 4.033929202029786464e-03 3.173909817133943557e-04
1.734712918236803402e-17 -1.461081406016657089e-17 0.000000000000000000e+00 0.000000000000000000e+00 3.810040013052719312e-33 1.973841089921888892e-01 1.905020006526359656e-33 -1.864809998129638311e-32 6.408478518307391125e-01 9.324049990648191555e-33 0.000000000000000000e+00 1.000000000000000000e+00 0.000000000000000000e+00 0.000000000000000000e+00 0.000000000000000000e+00 0.000000000000000000e+00 0.000000000000000000e+00 0.000000000000000000e+00 0.000000000000000000e+00 6.875366062266534352e-17 0.000000000000000000e+00 0.000000000000000000e+00 0.000000000000000000e+00 0.000000000000000000e+00 5.551115123125782702e-17 0.000000000000000000e+00 0.000000000000000000e+00 0.000000000000000000e+00 0.000000000000000000e+00 0.000000000000000000e+00 0.000000000000000000e+00 0.000000000000000000e+00 6.144842492906085196e-01 0.000000000000000000e+00 0.000000000000000000e+00 5.984568873300545949e-17 0.000000000000000000e+00 0.000000000000000000e+00 -2.992284436650272975e-17 0.000000000000000000e+00 0.000000000000000000e+00 0.000000000000000000e+00 0.000000000000000000e+00 0.000000000000000000e+00 1.110223024625156540e-16 0.000000000000000000e+00 -9.197359156879253081e-04 -3.769749335053562689e-02 6.845413882339241446e-03 -5.441933218866899097e-02 -4.533083440478827275e-03 -3.204303413230445985e-01 -4.274636780223142057e-02 7.351127551004367185e-04 2.116643089913795156e-02 -2.976487085373153568e-02 2.366966249924709696e-03 -9.899624452460599466e-03 7.786197849344858590e-02 1.833910027006309049e-02 5.663357929735665349e-04 2.706877876056995244e-02 1.793466321408647424e-02 -3.521707469253726464e-02 -9.439296428466565844e-03 2.537825804636019422e-02 2.730780839275616656e-01 1.560705450788398810e-04 7.367760894153253283e-03 9.101370820622236082e-03 2.663126601643171516e-03 7.824607646565145957e-03 1.181210285999519972e-02 5.952380864562176188e-02 -7.243550309577676937e-05 -5.888864738362495008e-03 -2.878710301962817200e-03 -2.275460154484082193e-03 9.041970590036134403e-03 -8.580722885530765731e-02 -7.082746857443319478e-03 4.841450593425090227e-05 3.035053636223687679e-03 -2.103179544618818085e-03 2.677992911085749946e-03 4.761339857202808584e-03 -2.001063355564091512e-02 4.176555727366280946e-02 -2.999830727557761699e-06 -1.042271229305429241e-03 -1.601806862678874840e-03 -1.191536840126952148e-03 -7.088155141342867215e-05 -2.968778788455253385e-03 -4.482785045044634237e-03 -1.176330629186605432e-08 -3.944417677977546014e-05 6.424680647580628332e-05 -6.281519016656640045e-05 1.476519334950984947e-05 -6.031139007736011949e-03 -3.174868123238150006e-04
1.132078222693446255e-18 -1.239002840735451465e-18 0.000000000000000000e+00 0.000000000000000000e+00 -1.315104532262614956e-33 1.905020006526359656e-33 1.973841089921888892e-01 -2.331012497662047889e-33 9.324049990648191555e-33 6.408478518307391125e-01 0.000000000000000000e+00 0.000000000000000000e+00 1.000000000000000000e+00 0.000000000000000000e+00 0.000000000000000000e+00 0.000000000000000000e+00 0.000000000000000000e+00 0.000000000000000000e+00 0.000000000000000000e+00 0.000000000000000000e+00 6.875366062266534352e-17 0.000000000000000000e+00 0.000000000000000000e+00 0.000000000000000000e+00 0.000000000000000000e+00 2.775557561562891351e-17 0.000000000000000000e+00 0.000000000000000000e+00 0.000000000000000000e+00 0.000000000000000000e+00 2.336570751332432658e-17 0.000000000000000000e+00 0.000000000000000000e+00 6.144842492906085196e-01 1.727596224991962701e-17 0.000000000000000000e+00 5.984568873300545949e-17 2.992284436650272975e-17 0.000000000000000000e+00 0.000000000000000000e+00 0.000000000000000000e+00 2.775557561562891351e-17 0.000000000000000000e+00 0.000000000000000000e+00 0.000000000000000000e+00 -1.110223024625156540e-16 -6.769803394282870586e-05 -2.774759733608197967e-03 5.038631779565686539e-04 -4.533083440478827275e-03 6.832836487776340270e-03 -9.418989860216300108e-03 -3.907727970755279709e-03 6.666681575880622091e-04 1.919567493875872291e-02 -2.699353463155822197e-02 -9.899624452460595997e-03 4.305058144544361351e-03 5.446112606970520548e-02 5.911243970544597520e-02 1.312848760690121872e-04 6.274936723073769318e-03 4.157515852985672195e-03 -9.439296428466562375e-03 3.313930903572227110e-03 1.636316378788652340e-02 3.760955646906538608e-02 -4.129902729597486775e-04 -1.949639876788679393e-02 -2.408383732893289858e-02 7.824607646565145957e-03 -1.508522144911744051e-02 -1.622738544628305260e-02 -2.116899360103690897e-01 1.449261321452033097e-04 1.178221110894596586e-02 5.759611403242196996e-03 9.041970590036136138e-03 -1.584701695537367797e-02 1.501189604617297890e-01 2.620958498937963135e-02 -2.910359529063472886e-04 -1.824473285630158134e-02 1.264292284078114524e-02 4.761339857202808584e-03 -2.515196974624468382e-02 -1.229879913376783901e-01 -7.346418706434934554e-02 -1.516070210281884482e-07 -5.267485085967786438e-05 -8.095295660597460270e-05 -7.088155141342863150e-05 2.074060346648053815e-04 -1.127051604250306916e-03 1.663952590628956559e-03 2.526470709194423197e-09 8.471645199895662460e-06 -1.379864390954816610e-05 1.476519334950984439e-05 2.760690260621011016e-06 1.236650186322549565e-03 -2.137022612381851247e-05
0.000000000000000000e+00 0.000000000000000000e+00 0.000000000000000000e+00 0.000000000000000000e+00 -1.800757706384719513e-16 -7.959671257116891273e-17 -1.948694521072097980e-17 0.000000000000000000e+00 2.905159669949349330e-16 0.000000000000000000e+00 0.000000000000000000e+00 0.000000000000000000e+00 0.000000000000000000e+00 9.999999999999997780e-01 0.000000000000000000e+00 0.000000000000000000e+00 0.000000000000000000e+00 0.000000000000000000e+00 5.051754413790731091e-01 0.000000000000000000e+00 0.000000000000000000e+00 0.000000000000000000e+00 0.000000000000000000e+00 0.000000000000000000e+00 -6.088202212785274391e-16 -7.610252765981592989e-17 0.000000000000000000e+00 0.000000000000000000e+00 -9.860761315262647568e-32 1.232595164407830946e-32 0.000000000000000000e+00 -1.120590025627560737e-17 0.000000000000000000e+00 -2.801475064068902228e-18 1.317932270174318188e-01 0.000000000000000000e+00 0.000000000000000000e+00 0.000000000000000000e+00 -6.375791178784401247e-33 0.000000000000000000e+00 0.000000000000000000e+00 2.197820789858162135e-17 0.000000000000000000e+00 0.000000000000000000e+00 0.000000000000000000e+00 3.081487911019577365e-33 -1.903501607245979813e-23 -5.019423531358097241e-05 2.151323784331373113e-05 -1.387104626683239325e-04 -1.020991509603277169e-05 -2.935802391199270403e-03 -2.274759304538596710e-04 5.472470990564980581e-20 2.204161950761392955e-04 -4.709620031705436969e-04 -2.315956964888580909e-04 -2.100323728738133391e-04 3.045720576689849544e-04 6.151176977803639659e-03 -3.963682680003817239e-25 -1.718001932209998572e-05 -3.074062839096931225e-05 4.006823559547192015e-05 9.288399938198925123e-06 -7.557545706470892351e-05 -1.487717443053142297e-03 6.058447075551536027e-25 2.096446769210459575e-05 3.305892957245353160e-05 -1.901677808511639312e-05 5.032175910079521081e-05 4.303802197607334377e-04 4.739450228365086476e-04 -7.416613139977042380e-30 -4.694544960533519949e-06 -5.611692271520635165e-06 -6.353167270328356208e-06 1.271116952335863548e-05 -7.855175258188419260e-04 -1.395584339532384636e-04 -1.215736557703971577e-27 -7.161510076523509223e-06 1.334707223464536324e-05 2.994669857964725342e-06 -1.800197232078115002e-05 -5.622511649226572851e-04 -4.138170968970619062e-04 4.344783976427048559e-43 4.226504714550140727e-08 1.115583717238162767e-07 1.290959019672374756e-07 6.524316503729484606e-09 2.104247203064141410e-05 2.081000208803316195e-05 1.019700401925586364e-63 1.569647329938645610e-11 -4.217204662804630212e-11 6.525437273658556670e-11 -1.401504451854970234e-11 -2.178032571458224321e-06 1.672230781257224861e-07
9.362294443795169316e-34 -1.195271726086974898e-31 0.000000000000000000e+00 0.000000000000000000e+00 1.378655502887208948e-16 -1.559501919789766398e-16 0.000000000000000000e+00 -5.031884152452302189e-16 0.000000000000000000e+00 0.000000000000000000e+00 0.000000000000000000e+00 0.000000000000000000e+00 0.000000000000000000e+00 0.000000000000000000e+00 1.000000000000000000e+00 0.000000000000000000e+00 0.000000000000000000e+00 0.000000000000000000e+00 0.000000000000000000e+00 5.051754413790729981e-01 0.000000000000000000e+00 0.000000000000000000e+00 0.000000000000000000e+00 4.305009069895411525e-16 0.000000000000000000e+00 0.000000000000000000e+00 -5.557742810992269624e-16 -6.947178513740338263e-17 0.000000000000000000e+00 0.000000000000000000e+00 0.000000000000000000e+00 0.000000000000000000e+00 -9.704594294209228907e-18 0.000000000000000000e+00 0.000000000000000000e+00 1.317932270174317910e-01 5.521597130052024291e-33 0.000000000000000000e+00 0.000000000000000000e+00 0.000000000000000000e+00 0.000000000000000000e+00 0.000000000000000000e+00 0.000000000000000000e+00 2.006326706598561943e-17 0.000000000000000000e+00 0.000000000000000000e+00 -7.473482289948403330e-24 -1.970714010671567780e-05 -2.480892111167518838e-05 -5.811770464816924734e-05 -4.536834361900690729e-06 -2.500850709124006685e-03 1.981167740596736972e-04 3.961731421729383997e-20 1.595677286177852184e-04 -3.844344967022464573e-04 -6.076863533856916087e-05 -1.391660387501037681e-04 1.362121040899042391e-03 6.344138624214880774e-04 -9.083909300946995814e-25 -3.937291400691109297e-05 -3.328498282624353465e-05 1.069771337762901646e-04 2.655115503162743546e-05 -2.182903317045800618e-04 -3.725308265846383193e-03 -5.901766158934202542e-25 -2.042229376973944268e-05 -4.396912953053026878e-05 1.130165703485207145e-06 -4.190901298686679173e-05 -2.296170353671214703e-04 -1.205213536587656153e-03 3.904384310159032520e-30 2.471385164805828749e-06 9.867114640200811289e-07 2.872181703228010276e-06 -7.554125760359835344e-06 9.728691917641155585e-04 4.782043698343252510e-06 4.854750984209369773e-28 2.859776476417646460e-06 -2.720434681080064256e-06 1.648636268864346763e-06 8.814463725660321127e-06 -2.092655604562614882e-04 3.633639261239154689e-04 1.070201213188991715e-42 1.041066828086635773e-07 3.155708923439233478e-07 2.714766850459348467e-07 1.476696758832749266e-08 2.449937677867518505e-05 3.764302175460397618e-05 -4.711861881393964357e-63 -7.253072968494767655e-11 2.411960779907736040e-10 -2.596658175792311065e-10 5.810241055025680941e-11 -3.425447691979228098e-05 -5.824448950171631522e-07
