1.000000000000000000e+00 -2.973372776273692786e-01 5.264137552245160556e-01 1.413420269662515050e-01 -6.544343480144364330e-17 4.566204380119553769e-16 1.656577820752512994e-17 -1.187521047517138500e-18 -3.618719969287602812e-18 7.329049818937244914e-18 -2.264766204329246473e-18 1.734712918236803402e-17 1.132078222693446255e-18 0.000000000000000000e+00 9.362294443795169316e-34 3.145562118596019448e-34 0.000000000000000000e+00 -3.885163536860919916e-34 0.000000000000000000e+00 0.000000000000000000e+00 6.152156132510848854e-35 0.000000000000000000e+00 0.000000000000000000e+00 0.000000000000000000e+00 0.000000000000000000e+00 9.629649721936179265e-35 0.000000000000000000e+00 0.000000000000000000e+00 -1.203706215242022408e-35 0.000000000000000000e+00 5.821179839174998177e-02 8.971460525691673587e-19 0.000000000000000000e+00 -3.852436667954187671e-19 0.000000000000000000e+00 -1.160287132258770335e-33 -1.482580216245943986e-34 0.000000000000000000e+00 5.801435661293851674e-34 0.000000000000000000e+00 7.703719777548943412e-34 -4.814824860968089633e-35 0.000000000000000000e+00 2.486905825633657496e-49 -7.703719777548943412e-34 0.000000000000000000e+00 -1.288829744065005893e-18 -1.245731355526899509e-17 3.018401907540699258e-18 6.713583139937584487e-18 2.509335106240864754e-19 3.122502256758252770e-17 2.480112469560591393e-17 -5.012099005685077295e-18 1.209563048679140884e-17 -3.314948142374429807e-17 -1.117405864017873007e-17 -3.750661890442041901e-18 6.114900252818245008e-17 1.170938346284344789e-16 -1.049879828590296534e-19 2.039295347985772139e-17 1.901165450112277111e-18 -2.645283894275179959e-18 1.359911396816779194e-18 -8.402566836762659364e-19 7.979727989493312634e-17 -2.081674798027863992e-19 7.677718392149791848e-18 -1.383204802866272454e-17 5.437951521372608177e-19 -1.579208226860917552e-17 -1.290200585257750276e-17 -1.214306433183764966e-16 -5.570358346383996070e-19 1.284631343629553252e-17 8.599634345897292677e-19 -1.871439887619571509e-18 -1.155411173569989396e-17 4.900593819634480042e-17 -1.355252715606880543e-20 -7.471099674101740174e-19 1.745589320503303666e-17 3.624559860419557938e-18 -2.208585470406384740e-18 -1.599409962652932615e-18 5.225854471380131372e-17 2.970713952610282149e-17 -6.853605584017653518e-19 5.642506669412071497e-18 -1.655585452412633831e-18 -3.665862642765555716e-18 6.658762572021245131e-20 5.145725154569874560e-18 -3.588031564569216236e-18 7.364645106464080421e-21 8.673617379884035472e-19 -8.673617379884035472e-19 8.673617379884035472e-19 -2.168404344971008868e-19 -6.694948415097989880e-18 1.696587141015662306e-18
-2.973372776273692786e-01 1.000000000000000000e+00 5.172967883778937237e-01 7.393326433516588247e-01 4.232177622616255597e-17 -1.875271797602593798e-16 7.176602697659873321e-17 -1.085704836888616344e-16 4.379917293811239546e-16 -3.790999531473176935e-18 2.478241740107841085e-18 -1.461081406016657089e-17 -1.239002840735451465e-18 0.000000000000000000e+00 -1.195271726086974898e-31 -1.502035604909866848e-32 0.000000000000000000e+00 5.973263322508761402e-32 0.000000000000000000e+00 0.000000000000000000e+00 -5.445431868196595598e-33 0.000000000000000000e+00 0.000000000000000000e+00 4.930380657631323784e-32 0.000000000000000000e+00 -6.162975822039154730e-33 0.000000000000000000e+00 0.000000000000000000e+00 3.009265538105056020e-36 0.000000000000000000e+00 4.173688503007691453e-01 -7.555947489648134352e-19 0.000000000000000000e+00 3.504131556946823288e-19 0.000000000000000000e+00 9.760348703582018041e-34 1.233005262576280874e-34 0.000000000000000000e+00 -4.880174351791009021e-34 0.000000000000000000e+00 0.000000000000000000e+00 3.081487911019577365e-33 0.000000000000000000e+00 -2.091982658887633153e-49 0.000000000000000000e+00 0.000000000000000000e+00 -1.284332369536903617e-18 -3.577867169202164632e-17 5.014435047745458007e-18 1.084202172485504434e-17 -2.859583229930517945e-18 -4.302114220422481594e-16 -7.415942859800850329e-17 -8.766382376859407314e-18 -8.716985466783455649e-17 3.295974604355933479e-17 1.778091562876227272e-17 1.214306433183764966e-17 -2.428612866367529932e-17 -2.844946500601963635e-16 -5.240186673132198519e-18 -1.626303258728256651e-17 3.523657060577889411e-18 2.450296909817240021e-17 1.507041019754851163e-17 6.071532165918824830e-18 2.775557561562891351e-17 4.184441904787476398e-18 -5.046961112920023140e-17 -3.859759734048395785e-17 7.480994990149980595e-18 6.179952383167375274e-18 -5.464378949326942347e-17 4.857225732735059864e-17 -4.935240214685050502e-18 -2.358139725155972144e-17 -2.480112469560591393e-18 -7.792703114739563119e-18 1.748276003132875900e-17 9.367506770274758310e-17 -6.223320470066795451e-17 7.664309416372917939e-19 -8.348356728138384142e-18 -1.734723475976807094e-18 3.604972223514302243e-18 -3.209238430557093125e-17 -2.602085213965210642e-16 -1.717376241217039023e-16 4.039880560968064792e-19 -2.455993206387525191e-17 -8.718510126088513390e-18 2.414890932622010267e-18 -3.576331921985266213e-19 2.547875105340935420e-18 -1.431146867680865853e-17 -8.916325515640163879e-20 1.734723475976807094e-18 6.505213034913026604e-19 0.000000000000000000e+00 8.131516293641283255e-19 -5.800481622797448722e-18 -3.370344097124861049e-18
5.264137552245160556e-01 5.172967883778937237e-01 9.999999999999994449e-01 5.203747002151715151e-01 2.300877739056854113e-16 2.168137747146470482e-16 2.710172183933088103e-17 0.000000000000000000e+00 0.000000000000000000e+00 4.572474403741150186e-17 0.000000000000000000e+00 0.000000000000000000e+00 0.000000000000000000e+00 0.000000000000000000e+00 0.000000000000000000e+00 0.000000000000000000e+00 0.000000000000000000e+00 0.000000000000000000e+00 0.000000000000000000e+00 0.000000000000000000e+00 -4.444935312769436832e-33 0.000000000000000000e+00 0.000000000000000000e+00 0.000000000000000000e+00 0.000000000000000000e+00 0.000000000000000000e+00 0.000000000000000000e+00 0.000000000000000000e+00 0.000000000000000000e+00 0.000000000000000000e+00 2.408996144305216303e-01 0.000000000000000000e+00 0.000000000000000000e+00 0.000000000000000000e+00 0.000000000000000000e+00 -7.318791088174733718e-33 0.000000000000000000e+00 0.000000000000000000e+00 0.000000000000000000e+00 0.000000000000000000e+00 0.000000000000000000e+00 7.703719777548943412e-34 0.000000000000000000e+00 0.000000000000000000e+00 0.000000000000000000e+00 1.540743955509788682e-33 2.515580825440641340e-21 -3.205172672410272483e-17 3.815036394433368727e-18 1.401331307937514481e-17 -3.005272896858257603e-18 -2.636779683484746784e-16 -2.428612866367529932e-17 -2.410387229796832682e-18 1.897353801849632760e-18 -8.565197162635485029e-18 1.301042606982605321e-18 5.502326025363935003e-18 5.898059818321144121e-17 -1.283695372222837250e-16 -6.702111434764090078e-20 1.111307226797642045e-17 4.946672411965113980e-19 1.729302465114379572e-17 8.365297387083470149e-18 2.569559148790645509e-17 9.020562075079396891e-17 3.768105776927040431e-18 -1.012373778558339765e-17 -2.894819800536296839e-17 2.148075554236905660e-18 -3.361026734705063745e-18 -4.315124646492307647e-17 -2.428612866367529932e-17 -1.050708741168089803e-18 7.521652571618187011e-19 5.449809982634168382e-18 -4.673927802949229271e-18 -4.679010000632755073e-18 1.110223024625156540e-16 -3.469446951953614189e-18 2.278447270023277904e-18 2.879234394306817713e-17 -2.398797306624178560e-18 -6.776263578034402713e-21 -1.320693771358905089e-17 -9.714451465470119729e-17 -7.329206686002009974e-17 6.846891236478163694e-21 3.465158847658139293e-19 1.588636762355041983e-18 5.005700020476898035e-19 -1.498619659374571299e-19 1.618849368792418808e-17 -1.978668964786045592e-18 -2.917694134522305454e-20 3.469446951953614189e-18 -1.301042606982605321e-18 1.734723475976807094e-18 3.252606517456513302e-19 -6.166399856011306468e-18 2.089630280876358936e-18
1.413420269662515050e-01 7.393326433516588247e-01 5.203747002151715151e-01 9.999999999999997780e-01 -6.554300413481003758e-17 0.000000000000000000e+00 9.094777266746020445e-18 -8.547290877268572206e-17 3.418916350907428883e-16 4.273645438634286103e-17 0.000000000000000000e+00 0.000000000000000000e+00 0.000000000000000000e+00 0.000000000000000000e+00 0.000000000000000000e+00 0.000000000000000000e+00 0.000000000000000000e+00 0.000000000000000000e+00 0.000000000000000000e+00 0.000000000000000000e+00 0.000000000000000000e+00 0.000000000000000000e+00 0.000000000000000000e+00 0.000000000000000000e+00 0.000000000000000000e+00 -4.622231866529366047e-33 0.000000000000000000e+00 0.000000000000000000e+00 0.000000000000000000e+00 0.000000000000000000e+00 7.747144195933315380e-01 0.000000000000000000e+00 0.000000000000000000e+00 1.061991009869191471e-17 0.000000000000000000e+00 0.000000000000000000e+00 0.000000000000000000e+00 0.000000000000000000e+00 7.196131172919562864e-33 0.000000000000000000e+00 -4.930380657631323784e-32 0.000000000000000000e+00 0.000000000000000000e+00 0.000000000000000000e+00 0.000000000000000000e+00 0.000000000000000000e+00 3.930232875259953573e-18 0.000000000000000000e+00 2.385244779468109755e-18 5.551115123125782702e-17 -1.734723475976807094e-18 -2.498001805406602216e-16 -3.642919299551294898e-17 -7.480994990149980595e-18 2.775557561562891351e-17 6.938893903907228378e-18 1.734723475976807094e-18 1.040834085586084257e-17 1.040834085586084257e-16 -8.326672684688674053e-17 -3.089976191583687637e-18 4.336808689942017736e-17 1.821459649775647449e-17 -1.561251128379126385e-17 1.951563910473907981e-17 6.071532165918824830e-17 2.220446049250313081e-16 9.161508357502512467e-18 -6.938893903907228378e-18 -1.734723475976807094e-17 -7.372574772901430151e-18 1.474514954580286030e-17 2.775557561562891351e-17 1.387778780781445676e-16 9.300421760852217723e-19 3.469446951953614189e-17 6.071532165918824830e-18 -9.974659986866640793e-18 -4.423544863740858091e-17 2.914335439641035919e-16 1.908195823574487804e-17 1.704230289875652282e-18 5.984795992119984476e-17 -1.257674520083185143e-17 -3.252606517456513302e-18 -1.474514954580286030e-17 -9.020562075079396891e-17 -1.318389841742373392e-16 2.267930716273389158e-19 -1.658829323902821784e-17 1.024571052998801690e-17 1.268516541808040188e-17 -3.693063650028749478e-19 3.382710778154773834e-17 3.469446951953614189e-18 8.159981646470764320e-21 4.336808689942017736e-18 -1.734723475976807094e-18 2.602085213965210642e-18 4.336808689942017736e-19 1.084202172485504434e-17 1.883801274693563954e-18
-6.544343480144364330e-17 4.232177622616255597e-17 2.300877739056854113e-16 -6.554300413481003758e-17 1.000000000000000222e+00 0.000000000000000000e+00 -3.150932616346895821e-33 5.955469686281162911e-01 0.000000000000000000e+00 0.000000000000000000e+00 1.973841089921888892e-01 3.810040013052719312e-33 -1.315104532262614956e-33 -1.800757706384719513e-16 1.378655502887208948e-16 3.375237918927973110e-17 0.000000000000000000e+00 0.000000000000000000e+00 1.949269427462092269e-19 0.000000000000000000e+00 2.900390022391544718e-17 0.000000000000000000e+00 0.000000000000000000e+00 -5.551115123125782702e-17 0.000000000000000000e+00 -6.358106692020680408e-35 0.000000000000000000e+00 0.000000000000000000e+00 0.000000000000000000e+00 0.000000000000000000e+00 0.000000000000000000e+00 4.567715435907282462e-02 0.000000000000000000e+00 0.000000000000000000e+00 1.263789018725498671e-17 -4.377893580960357170e-17 -5.485659356009740269e-18 0.000000000000000000e+00 3.475481098555599121e-49 -2.775557561562891351e-17 -2.049988031644150514e-32 -2.570079516849442084e-33 0.000000000000000000e+00 8.127305040989332156e-33 1.368455531567204171e-48 1.710569414459005214e-49 2.458868055467214858e-19 -6.945670167485262780e-19 -3.908210018631341764e-18 -1.978668964786045592e-18 9.317362419797303730e-21 6.071532165918824830e-18 -1.029992063861229212e-18 2.133170942947598942e-18 1.707618421664669484e-17 4.878909776184769953e-18 2.710505431213761085e-19 5.963111948670274387e-18 -9.107298248878237246e-18 -3.469446951953614189e-18 -2.109814805544499889e-19 1.941399515106856377e-18 8.809142651444723526e-19 -2.405573570202212963e-18 -8.809142651444723526e-20 1.788933584601082316e-18 -8.673617379884035472e-19 -1.243705048518944085e-19 9.419006373467819770e-18 1.111307226797642045e-18 -6.810144895924574726e-19 -1.910906329005701565e-18 1.073360150760649390e-17 -2.515349040166370287e-17 8.388255574581088968e-20 4.191119023014278078e-18 7.125664668776801602e-19 6.911788849595090767e-19 9.935696471292942977e-19 -4.770489558936219510e-18 -6.776263578034402713e-21 -2.118041307186957884e-19 -5.375271083275789952e-18 5.421010862427522170e-19 5.598887781350925241e-19 -7.962109704190423187e-19 -5.204170427930421283e-18 -4.553649124439118623e-18 1.911649329943038596e-19 2.385893289068351329e-18 3.074041384263466112e-18 -1.969272193027443198e-18 3.442229401078169366e-20 1.158741071843882864e-18 -8.131516293641283255e-19 -3.544137841068829695e-20 0.000000000000000000e+00 -8.673617379884035472e-19 0.000000000000000000e+00 0.000000000000000000e+00 -6.410345344820544966e-18 -6.267514414089788571e-19
4.566204380119553769e-16 -1.875271797602593798e-16 2.168137747146470482e-16 0.000000000000000000e+00 0.000000000000000000e+00 1.000000000000000222e+00 0.000000000000000000e+00 0.000000000000000000e+00 5.955469686281162911e-01 0.000000000000000000e+00 3.810040013052719312e-33 1.973841089921888892e-01 1.905020006526359656e-33 -7.959671257116891273e-17 -1.559501919789766398e-16 0.000000000000000000e+00 1.378655502887209194e-16 3.375237918927973110e-17 0.000000000000000000e+00 1.688116843002520162e-19 0.000000000000000000e+00 0.000000000000000000e+00 2.900390022391544718e-17 0.000000000000000000e+00 5.551115123125782702e-17 0.000000000000000000e+00 0.000000000000000000e+00 -5.026524688286019176e-35 0.000000000000000000e+00 0.000000000000000000e+00 -3.393929172630471913e-18 0.000000000000000000e+00 4.567715435907282462e-02 0.000000000000000000e+00 2.527578037450997343e-17 1.094473395240089293e-17 3.475481098555599121e-49 -4.377893580960358403e-17 -5.485659356009740269e-18 1.255356164085155781e-32 2.775557561562891351e-17 -2.570079516849442426e-33 -1.620657839020211506e-32 -2.031826260247333039e-33 -2.775557561562891351e-17 9.953875167186693791e-33 -5.131436046861800256e-19 -9.053088140253962024e-18 -1.412850956020172966e-18 3.848917712323540741e-18 1.456896669277396583e-19 2.255140518769849223e-17 1.680513367352531873e-17 -6.546966406090576319e-20 -6.776263578034402713e-19 -5.963111948670274387e-19 1.226503707624226891e-18 -1.151964808265848461e-18 -2.168404344971008868e-18 -1.084202172485504434e-18 1.081744172232771120e-18 -5.373577017381281351e-18 -2.439454888092384977e-18 4.092863201132779238e-18 -1.578869413682015832e-18 -2.656295322589485863e-18 2.081668171172168513e-17 -2.316499247561854196e-19 6.047815243395704421e-19 6.030874584450618414e-19 1.444191175068582078e-19 -1.138412281109779656e-18 -2.412349833780247366e-18 -8.673617379884035472e-19 1.250047140921183922e-19 3.543138818364738318e-18 6.649208635946257662e-19 2.710505431213761085e-20 2.197203465177655080e-18 1.257674520083185143e-17 6.776263578034402713e-19 -1.261287171149380915e-19 1.694065894508600678e-21 9.944166800765485981e-19 -3.506716401632803404e-19 -5.353248226647178143e-19 -3.903127820947815962e-18 6.505213034913026604e-18 1.522051975537989512e-19 1.718484266191166055e-18 -2.222137997562453546e-19 -1.237435726599727705e-18 6.380953963295310787e-20 6.674619624363886672e-19 3.435565634063442175e-18 7.292605395597333526e-20 0.000000000000000000e+00 0.000000000000000000e+00 -8.673617379884035472e-19 -2.168404344971008868e-19 2.663071586167520266e-18 -1.050691431509756177e-18
1.656577820752512994e-17 7.176602697659873321e-17 2.710172183933088103e-17 9.094777266746020445e-18 -3.150932616346895821e-33 0.000000000000000000e+00 1.000000000000000222e+00 0.000000000000000000e+00 0.000000000000000000e+00 5.955469686281162911e-01 -1.315104532262614956e-33 1.905020006526359656e-33 1.973841089921888892e-01 -1.948694521072097980e-17 0.000000000000000000e+00 -1.559501919789766398e-16 -3.375237918927973726e-17 1.378655502887208948e-16 -1.674540960182663198e-17 0.000000000000000000e+00 1.688116843002520162e-19 -2.900390022391544718e-17 0.000000000000000000e+00 3.893529281406436161e-35 0.000000000000000000e+00 4.163336342344337027e-17 5.026524688286018107e-35 0.000000000000000000e+00 0.000000000000000000e+00 0.000000000000000000e+00 1.818587681047081662e-17 0.000000000000000000e+00 0.000000000000000000e+00 4.567715435907282462e-02 3.167146905874813202e-18 3.475481098555599121e-49 1.094473395240089293e-17 5.485659356009741039e-18 -4.377893580960357170e-17 1.573845853664963643e-33 -2.570079516849442426e-33 2.428612866367529932e-17 2.031826260247333381e-33 -1.620657839020211779e-32 -9.953875167186693791e-33 2.775557561562891351e-17 1.405642062957448886e-19 -4.269046054161673709e-19 -2.325105440213054431e-19 5.082197683525802034e-20 3.405072447962287363e-19 -2.168404344971008868e-19 2.981555974335137194e-19 -4.530297391130585621e-19 -6.112189747387031247e-18 4.878909776184769953e-18 3.672734859294646270e-18 2.015938414465234807e-18 -1.713039432527097006e-17 -3.035766082959412415e-18 -1.803258928372489600e-19 -2.364915988734006547e-18 -1.223115575835209690e-18 3.083199928005653234e-18 -4.069781553320099554e-18 7.047314121155778821e-19 -7.806255641895631925e-18 -1.561998335441170055e-20 7.779150587583494314e-18 5.353248226647178143e-18 -2.497053128505677400e-18 2.120970499924768049e-18 -4.282598581317742514e-18 1.561251128379126385e-17 -3.927211959605386942e-19 -1.563622820631438426e-17 8.190808599949084279e-19 2.630884334171856853e-18 4.882297907973787154e-18 -2.168404344971008868e-17 -1.550409106654271341e-17 6.130980710238266991e-19 1.410818076946762645e-17 -5.566700529355261828e-18 -8.300922883092143323e-19 4.960224939121182786e-18 3.512815038853034366e-17 1.019150042136374168e-17 1.894642549557252584e-21 4.747048914737691811e-19 -2.242817512876279238e-20 1.587525031611770714e-19 2.379302313947528804e-19 3.608360355303319444e-19 -1.382357769919018153e-18 1.439978288742165286e-21 0.000000000000000000e+00 0.000000000000000000e+00 -4.336808689942017736e-19 -2.168404344971008868e-19 -1.494166118956585798e-18 8.425330847220118685e-20
-1.187521047517138500e-18 -1.085704836888616344e-16 0.000000000000000000e+00 -8.547290877268572206e-17 5.955469686281162911e-01 0.000000000000000000e+00 0.000000000000000000e+00 9.999999999999994449e-01 0.000000000000000000e+00 0.000000000000000000e+00 6.408478518307391125e-01 -1.864809998129638311e-32 -2.331012497662047889e-33 0.000000000000000000e+00 -5.031884152452302189e-16 0.000000000000000000e+00 0.000000000000000000e+00 0.000000000000000000e+00 1.183788729824782934e-16 0.000000000000000000e+00 0.000000000000000000e+00 0.000000000000000000e+00 0.000000000000000000e+00 1.110223024625156540e-16 0.000000000000000000e+00 0.000000000000000000e+00 0.000000000000000000e+00 0.000000000000000000e+00 0.000000000000000000e+00 0.000000000000000000e+00 0.000000000000000000e+00 2.001564249035738541e-01 0.000000000000000000e+00 0.000000000000000000e+00 0.000000000000000000e+00 1.631265950956167426e-16 0.000000000000000000e+00 0.000000000000000000e+00 0.000000000000000000e+00 -1.110223024625156540e-16 0.000000000000000000e+00 0.000000000000000000e+00 0.000000000000000000e+00 0.000000000000000000e+00 0.000000000000000000e+00 0.000000000000000000e+00 5.182609655071496910e-20 -1.626303258728256651e-19 -1.008308020411519124e-17 -2.818925648462311528e-18 2.371692252312040949e-20 1.040834085586084257e-17 -2.385244779468109755e-18 1.018199777048673250e-18 5.551115123125782702e-17 -4.336808689942017736e-18 -7.372574772901430151e-18 6.505213034913026604e-18 -2.602085213965210642e-17 -2.775557561562891351e-17 2.685746364516400430e-19 2.276824562219559311e-18 -1.816038638913219927e-18 7.589415207398531038e-19 1.219727444046192488e-18 2.168404344971008868e-19 -1.387778780781445676e-17 9.953223394497175942e-19 1.138412281109779656e-17 -1.951563910473907981e-18 1.788933584601082316e-18 -7.155734338404329264e-18 3.469446951953614189e-18 -2.775557561562891351e-17 4.789406959825457043e-19 5.095750210681870840e-18 5.861467994999758346e-19 1.192622389734054877e-18 4.119968255444916849e-18 -1.734723475976807094e-18 3.523657060577889411e-19 -1.267591342231604187e-18 -9.053088140253962024e-18 2.005774019098183203e-18 6.369687763352338550e-19 -6.505213034913026604e-18 -1.734723475976807094e-18 1.734723475976807094e-18 8.168353586019341351e-19 9.530814722505387415e-18 6.232468425897141895e-18 -9.486769009248163798e-19 1.001616460128210151e-19 1.734723475976807094e-18 5.854691731421723944e-18 -2.823684862710462046e-20 -3.469446951953614189e-18 0.000000000000000000e+00 -1.734723475976807094e-18 0.000000000000000000e+00 -1.241411487495902577e-17 -2.664765652062028867e-18
-3.618719969287602812e-18 4.379917293811239546e-16 0.000000000000000000e+00 3.418916350907428883e-16 0.000000000000000000e+00 5.955469686281162911e-01 0.000000000000000000e+00 0.000000000000000000e+00 9.999999999999994449e-01 0.000000000000000000e+00 -1.864809998129638311e-32 6.408478518307391125e-01 9.324049990648191555e-33 2.905159669949349330e-16 0.000000000000000000e+00 0.000000000000000000e+00 -5.031884152452303175e-16 0.000000000000000000e+00 0.000000000000000000e+00 1.025191112741975314e-16 0.000000000000000000e+00 0.000000000000000000e+00 0.000000000000000000e+00 0.000000000000000000e+00 0.000000000000000000e+00 0.000000000000000000e+00 0.000000000000000000e+00 0.000000000000000000e+00 1.110223024625156540e-16 0.000000000000000000e+00 1.853389079208731635e-16 0.000000000000000000e+00 2.001564249035738541e-01 0.000000000000000000e+00 -9.418118359044141172e-17 0.000000000000000000e+00 0.000000000000000000e+00 1.631265950956167179e-16 0.000000000000000000e+00 0.000000000000000000e+00 0.000000000000000000e+00 0.000000000000000000e+00 0.000000000000000000e+00 0.000000000000000000e+00 -1.110223024625156540e-16 0.000000000000000000e+00 8.876549599561669752e-19 -3.469446951953614189e-18 -1.138412281109779656e-18 -1.301042606982605321e-18 1.626303258728256651e-19 6.938893903907228378e-17 1.214306433183764966e-17 -6.127737434180577955e-19 2.168404344971008868e-19 -1.301042606982605321e-18 -2.683400376901623474e-18 -2.385244779468109755e-18 1.734723475976807094e-18 -2.602085213965210642e-18 2.430577275565736176e-18 -1.615461237003401607e-17 -2.059984127722458425e-18 4.553649124439118623e-18 -4.119968255444916849e-18 9.974659986866640793e-18 9.714451465470119729e-17 -7.256892220067393832e-19 -3.415236843329338967e-18 3.252606517456513302e-19 -1.033380195650246414e-18 8.131516293641283255e-19 -9.974659986866640793e-18 8.673617379884035472e-18 1.603957091610203816e-19 5.027987574901526813e-18 2.263272035063490506e-18 -2.710505431213761085e-18 1.051676107310939301e-17 6.938893903907228378e-18 -3.469446951953614189e-18 -6.784054876234570643e-19 -1.233279971202261294e-18 2.398797306624178560e-18 -9.554531645028507825e-19 -4.336808689942017736e-19 -6.071532165918824830e-18 1.561251128379126385e-17 6.650144092945919774e-19 1.022029954157038789e-17 4.389324732671784357e-18 -1.873636879326512350e-18 1.329312331597217595e-19 2.547875105340935420e-18 1.154675313697062222e-17 5.208809308198944828e-20 0.000000000000000000e+00 -1.734723475976807094e-18 0.000000000000000000e+00 0.000000000000000000e+00 1.843143693225357538e-17 2.761327408049019105e-19
7.329049818937244914e-18 -3.790999531473176935e-18 4.572474403741150186e-17 4.273645438634286103e-17 0.000000000000000000e+00 0.000000000000000000e+00 5.955469686281162911e-01 0.000000000000000000e+00 0.000000000000000000e+00 9.999999999999994449e-01 -2.331012497662047889e-33 9.324049990648191555e-33 6.408478518307391125e-01 0.000000000000000000e+00 0.000000000000000000e+00 0.000000000000000000e+00 0.000000000000000000e+00 -5.031884152452302189e-16 0.000000000000000000e+00 0.000000000000000000e+00 1.025191112741975314e-16 0.000000000000000000e+00 0.000000000000000000e+00 0.000000000000000000e+00 0.000000000000000000e+00 -2.775557561562891351e-17 0.000000000000000000e+00 0.000000000000000000e+00 0.000000000000000000e+00 -1.110223024625156540e-16 0.000000000000000000e+00 0.000000000000000000e+00 0.000000000000000000e+00 2.001564249035738541e-01 0.000000000000000000e+00 0.000000000000000000e+00 0.000000000000000000e+00 0.000000000000000000e+00 1.631265950956167426e-16 0.000000000000000000e+00 0.000000000000000000e+00 2.775557561562891351e-17 0.000000000000000000e+00 0.000000000000000000e+00 0.000000000000000000e+00 1.110223024625156540e-16 7.942919113979192945e-20 -1.802486111757151122e-18 -1.084202172485504434e-19 -1.951563910473907981e-18 6.505213034913026604e-18 -3.035766082959412415e-18 -3.144186300207962859e-18 3.545593890422795704e-19 -1.301042606982605321e-18 -4.336808689942017736e-19 1.409462824231155764e-18 6.301925127571994523e-18 0.000000000000000000e+00 1.908195823574487804e-17 1.436645607671479217e-19 -3.252606517456513302e-19 5.421010862427522170e-19 2.168404344971008868e-19 -7.467442462993911789e-18 1.821459649775647449e-17 -1.734723475976807094e-18 4.028043880767052022e-20 5.204170427930421283e-18 -4.119968255444916849e-18 2.168404344971008868e-19 -5.854691731421723944e-18 -1.517883041479706208e-17 -7.632783294297951215e-17 -1.775888280719221906e-18 -1.230569465771047533e-17 4.363913744254155347e-18 1.496198998029996119e-17 -1.951563910473907981e-18 6.938893903907228378e-18 -9.540979117872439019e-18 3.928855231799140648e-20 3.637498288688867376e-17 -6.830473686658677934e-18 3.577867169202164632e-18 -6.505213034913026604e-18 -1.040834085586084257e-17 -3.122502256758252770e-17 -1.603386610242781412e-20 2.956939079305559090e-19 -1.607245017415034893e-19 4.147814463585901973e-19 9.326891540453914609e-19 -4.201283418381329682e-19 6.505213034913026604e-19 -1.267660352080353430e-20 0.000000000000000000e+00 0.000000000000000000e+00 0.000000000000000000e+00 0.000000000000000000e+00 -7.589415207398531038e-19 1.096378271102285001e-19
-2.264766204329246473e-18 2.478241740107841085e-18 0.000000000000000000e+00 0.000000000000000000e+00 1.973841089921888892e-01 3.810040013052719312e-33 -1.315104532262614956e-33 6.408478518307391125e-01 -1.864809998129638311e-32 -2.331012497662047889e-33 1.000000000000000000e+00 0.000000000000000000e+00 0.000000000000000000e+00 0.000000000000000000e+00 0.000000000000000000e+00 0.000000000000000000e+00 0.000000000000000000e+00 0.000000000000000000e+00 7.938988893653603616e-17 0.000000000000000000e+00 0.000000000000000000e+00 0.000000000000000000e+00 0.000000000000000000e+00 -5.551115123125782702e-17 0.000000000000000000e+00 0.000000000000000000e+00 0.000000000000000000e+00 0.000000000000000000e+00 0.000000000000000000e+00 0.000000000000000000e+00 -4.673141502664865317e-17 6.144842492906085196e-01 0.000000000000000000e+00 0.000000000000000000e+00 6.910384899967852037e-17 0.000000000000000000e+00 -2.992284436650272975e-17 0.000000000000000000e+00 0.000000000000000000e+00 0.000000000000000000e+00 0.000000000000000000e+00 0.000000000000000000e+00 0.000000000000000000e+00 0.000000000000000000e+00 0.000000000000000000e+00 0.000000000000000000e+00 4.336808689942017736e-19 3.469446951953614189e-18 -6.071532165918824830e-18 -1.734723475976807094e-18 2.168404344971008868e-19 2.775557561562891351e-17 -5.204170427930421283e-18 1.734723475976807094e-18 9.020562075079396891e-17 -1.387778780781445676e-17 -2.081668171172168513e-17 -3.469446951953614189e-18 0.000000000000000000e+00 0.000000000000000000e+00 -6.505213034913026604e-19 -2.428612866367529932e-17 5.637851296924623057e-18 1.387778780781445676e-17 3.469446951953614189e-18 -1.387778780781445676e-17 -2.775557561562891351e-17 -2.168404344971008868e-18 6.938893903907228378e-18 -3.469446951953614189e-18 8.673617379884035472e-18 -2.428612866367529932e-17 -3.469446951953614189e-17 -2.775557561562891351e-17 9.215718466126787689e-19 -3.903127820947815962e-18 5.312590645178971727e-18 4.336808689942017736e-19 8.673617379884035472e-18 -1.387778780781445676e-17 4.336808689942017736e-19 -9.757819552369539906e-19 1.734723475976807094e-18 -8.673617379884035472e-19 4.336808689942017736e-19 -3.469446951953614189e-18 2.775557561562891351e-17 6.938893903907228378e-18 1.901588966585904261e-19 -2.818925648462311528e-18 5.204170427930421283e-18 -2.168404344971008868e-18 -1.219727444046192488e-19 -1.734723475976807094e-17 8.673617379884035472e-19 4.661328187858821553e-20 0.000000000000000000e+00 0.000000000000000000e+00 0.000000000000000000e+00 0.000000000000000000e+00 -1.994931997373328159e-17 -4.174178364069192071e-18
1.734712918236803402e-17 -1.461081406016657089e-17 0.000000000000000000e+00 0.000000000000000000e+00 3.810040013052719312e-33 1.973841089921888892e-01 1.905020006526359656e-33 -1.864809998129638311e-32 6.408478518307391125e-01 9.324049990648191555e-33 0.000000000000000000e+00 1.000000000000000000e+00 0.000000000000000000e+00 0.000000000000000000e+00 0.000000000000000000e+00 0.000000000000000000e+00 0.000000000000000000e+00 0.000000000000000000e+00 0.000000000000000000e+00 6.875366062266534352e-17 0.000000000000000000e+00 0.000000000000000000e+00 0.000000000000000000e+00 0.000000000000000000e+00 5.551115123125782702e-17 0.000000000000000000e+00 0.000000000000000000e+00 0.000000000000000000e+00 0.000000000000000000e+00 0.000000000000000000e+00 0.000000000000000000e+00 0.000000000000000000e+00 6.144842492906085196e-01 0.000000000000000000e+00 0.000000000000000000e+00 5.984568873300545949e-17 0.000000000000000000e+00 0.000000000000000000e+00 -2.992284436650272975e-17 0.000000000000000000e+00 0.000000000000000000e+00 0.000000000000000000e+00 0.000000000000000000e+00 0.000000000000000000e+00 1.110223024625156540e-16 0.000000000000000000e+00 -6.505213034913026604e-19 -4.163336342344337027e-17 0.000000000000000000e+00 -6.938893903907228378e-18 -1.734723475976807094e-18 0.000000000000000000e+00 2.081668171172168513e-17 3.252606517456513302e-19 0.000000000000000000e+00 0.000000000000000000e+00 -4.336808689942017736e-19 -3.469446951953614189e-18 -1.387778780781445676e-17 -3.469446951953614189e-18 4.553649124439118623e-18 1.040834085586084257e-17 3.469446951953614189e-18 -6.938893903907228378e-18 -5.204170427930421283e-18 4.163336342344337027e-17 1.665334536937734811e-16 -2.981555974335137194e-19 0.000000000000000000e+00 1.734723475976807094e-18 -3.903127820947815962e-18 3.469446951953614189e-18 -1.734723475976807094e-18 2.081668171172168513e-17 -1.761828530288944705e-19 1.127570259384924611e-17 1.734723475976807094e-18 -3.035766082959412415e-18 1.214306433183764966e-17 1.387778780781445676e-17 -9.540979117872439019e-18 -2.981555974335137194e-19 -7.806255641895631925e-18 3.469446951953614189e-18 -3.469446951953614189e-18 8.673617379884035472e-19 -1.040834085586084257e-17 3.469446951953614189e-17 -2.574980159653073031e-19 -2.168404344971008868e-19 2.602085213965210642e-18 -3.252606517456513302e-18 -1.219727444046192488e-19 -1.170938346284344789e-17 1.734723475976807094e-18 -2.395184181708546935e-19 0.000000000000000000e+00 0.000000000000000000e+00 0.000000000000000000e+00 0.000000000000000000e+00 1.214306433183764966e-17 -1.734723475976807094e-18
1.132078222693446255e-18 -1.239002840735451465e-18 0.000000000000000000e+00 0.000000000000000000e+00 -1.315104532262614956e-33 1.905020006526359656e-33 1.973841089921888892e-01 -2.331012497662047889e-33 9.324049990648191555e-33 6.408478518307391125e-01 0.000000000000000000e+00 0.000000000000000000e+00 1.000000000000000000e+00 0.000000000000000000e+00 0.000000000000000000e+00 0.000000000000000000e+00 0.000000000000000000e+00 0.000000000000000000e+00 0.000000000000000000e+00 0.000000000000000000e+00 6.875366062266534352e-17 0.000000000000000000e+00 0.000000000000000000e+00 0.000000000000000000e+00 0.000000000000000000e+00 2.775557561562891351e-17 0.000000000000000000e+00 0.000000000000000000e+00 0.000000000000000000e+00 0.000000000000000000e+00 2.336570751332432658e-17 0.000000000000000000e+00 0.000000000000000000e+00 6.144842492906085196e-01 1.727596224991962701e-17 0.000000000000000000e+00 5.984568873300545949e-17 2.992284436650272975e-17 0.000000000000000000e+00 0.000000000000000000e+00 0.000000000000000000e+00 2.775557561562891351e-17 0.000000000000000000e+00 0.000000000000000000e+00 0.000000000000000000e+00 -1.110223024625156540e-16 -2.710505431213761085e-20 -3.035766082959412415e-18 0.000000000000000000e+00 -3.469446951953614189e-18 1.474514954580286030e-17 -5.204170427930421283e-18 -4.336808689942017736e-18 3.361026734705063745e-18 1.387778780781445676e-17 -6.938893903907228378e-18 -3.469446951953614189e-18 1.127570259384924611e-17 3.469446951953614189e-17 3.469446951953614189e-17 1.084202172485504434e-19 1.474514954580286030e-17 1.734723475976807094e-18 -1.734723475976807094e-18 -1.127570259384924611e-17 3.122502256758252770e-17 0.000000000000000000e+00 -2.222614453595284090e-18 3.469446951953614189e-18 -1.734723475976807094e-17 3.469446951953614189e-18 -8.673617379884035472e-18 -1.387778780781445676e-17 -1.665334536937734811e-16 2.710505431213761085e-19 8.673617379884035472e-18 1.040834085586084257e-17 1.908195823574487804e-17 0.000000000000000000e+00 0.000000000000000000e+00 2.081668171172168513e-17 -1.355252715606880543e-18 1.734723475976807094e-17 6.938893903907228378e-18 6.071532165918824830e-18 -1.734723475976807094e-17 -4.163336342344337027e-17 -4.163336342344337027e-17 -6.508918804057264168e-20 4.065758146820641628e-19 -2.032879073410320814e-19 5.827586677109586333e-19 1.246832498358330099e-18 -4.987329993433320396e-18 1.734723475976807094e-18 2.993111687492502990e-20 0.000000000000000000e+00 0.000000000000000000e+00 0.000000000000000000e+00 8.673617379884035472e-19 -1.301042606982605321e-18 -2.337810934421868936e-19
0.000000000000000000e+00 0.000000000000000000e+00 0.000000000000000000e+00 0.000000000000000000e+00 -1.800757706384719513e-16 -7.959671257116891273e-17 -1.948694521072097980e-17 0.000000000000000000e+00 2.905159669949349330e-16 0.000000000000000000e+00 0.000000000000000000e+00 0.000000000000000000e+00 0.000000000000000000e+00 9.999999999999997780e-01 0.000000000000000000e+00 0.000000000000000000e+00 0.000000000000000000e+00 0.000000000000000000e+00 5.051754413790731091e-01 0.000000000000000000e+00 0.000000000000000000e+00 0.000000000000000000e+00 0.000000000000000000e+00 0.000000000000000000e+00 -6.088202212785274391e-16 -7.610252765981592989e-17 0.000000000000000000e+00 0.000000000000000000e+00 -9.860761315262647568e-32 1.232595164407830946e-32 0.000000000000000000e+00 -1.120590025627560737e-17 0.000000000000000000e+00 -2.801475064068902228e-18 1.317932270174318188e-01 0.000000000000000000e+00 0.000000000000000000e+00 0.000000000000000000e+00 -6.375791178784401247e-33 0.000000000000000000e+00 0.000000000000000000e+00 2.197820789858162135e-17 0.000000000000000000e+00 0.000000000000000000e+00 0.000000000000000000e+00 3.081487911019577365e-33 -5.418696836140211780e-20 1.023215800283194810e-18 6.132518538121134455e-19 -1.246832498358330099e-18 -1.982057096575062793e-19 -1.084202172485504434e-17 2.791820594150173918e-18 -3.290284957834613700e-20 -2.249719507907421701e-18 4.878909776184769953e-19 1.897353801849632760e-18 1.328147661294742932e-18 5.963111948670274387e-19 3.816391647148975608e-17 9.727722075297772024e-21 -5.319366908757006129e-19 -1.199398653312089280e-18 4.201283418381329682e-19 1.592421940838084637e-19 -1.029992063861229212e-18 1.517883041479706208e-18 5.389063470854948057e-21 -1.040156459228280816e-18 2.168404344971008868e-19 4.201283418381329682e-19 -2.846030702774449139e-19 -1.843143693225357538e-18 3.794707603699265519e-19 3.132486140565356063e-21 5.590417451878382238e-20 6.683089953836429675e-19 3.117081245895825248e-19 4.184342759436243675e-19 2.276824562219559311e-18 -1.301042606982605321e-18 9.352571889927953158e-21 -5.929230630780102373e-19 -5.082197683525802034e-21 2.117582368135750848e-21 5.929230630780102373e-19 2.168404344971008868e-19 -2.710505431213761085e-19 3.477027732314580247e-23 -4.077669547641405226e-20 -5.297926387279631652e-20 -1.504012876968417040e-19 -4.518887686377190188e-21 1.456896669277396583e-19 4.133520782600985655e-19 -1.112834469056270544e-25 8.470329472543003391e-22 2.541098841762901017e-21 3.388131789017201356e-21 -4.235164736271501695e-22 2.202285662861180882e-20 -1.270549420881450509e-20
9.362294443795169316e-34 -1.195271726086974898e-31 0.000000000000000000e+00 0.000000000000000000e+00 1.378655502887208948e-16 -1.559501919789766398e-16 0.000000000000000000e+00 -5.031884152452302189e-16 0.000000000000000000e+00 0.000000000000000000e+00 0.000000000000000000e+00 0.000000000000000000e+00 0.000000000000000000e+00 0.000000000000000000e+00 1.000000000000000000e+00 0.000000000000000000e+00 0.000000000000000000e+00 0.000000000000000000e+00 0.000000000000000000e+00 5.051754413790729981e-01 0.000000000000000000e+00 0.000000000000000000e+00 0.000000000000000000e+00 4.305009069895411525e-16 0.000000000000000000e+00 0.000000000000000000e+00 -5.557742810992269624e-16 -6.947178513740338263e-17 0.000000000000000000e+00 0.000000000000000000e+00 0.000000000000000000e+00 0.000000000000000000e+00 -9.704594294209228907e-18 0.000000000000000000e+00 0.000000000000000000e+00 1.317932270174317910e-01 5.521597130052024291e-33 0.000000000000000000e+00 0.000000000000000000e+00 0.000000000000000000e+00 0.000000000000000000e+00 0.000000000000000000e+00 0.000000000000000000e+00 2.006326706598561943e-17 0.000000000000000000e+00 0.000000000000000000e+00 -2.541641699260295136e-21 6.437450399132682577e-19 1.057097118173366823e-18 6.505213034913026604e-19 4.404571325722361763e-20 -4.770489558936219510e-18 1.409462824231155764e-18 2.383435862851932606e-20 -1.626303258728256651e-19 -2.114194236346733646e-18 7.453889935837842984e-20 -3.957337929572091184e-18 6.938893903907228378e-18 1.192622389734054877e-18 -1.793843201830655393e-20 1.490777987167568597e-19 5.421010862427522170e-20 4.106415728288848044e-18 6.064755902340790428e-19 -2.818925648462311528e-18 1.301042606982605321e-18 -3.783798905453444185e-20 -4.167402100491157668e-19 -1.009663273127126004e-18 -7.919758056827708170e-20 1.558540622947912624e-18 -9.757819552369539906e-19 -4.336808689942017736e-19 6.374099054601029883e-21 2.202285662861180882e-19 -3.176373552203626272e-20 7.369186641112412950e-20 -9.317362419797303730e-20 -1.517883041479706208e-18 4.743384504624081899e-20 8.781894276869399510e-22 -4.955142741437656984e-20 4.235164736271501695e-20 8.449153648861645882e-20 -7.691059161069047079e-19 -1.463672932855430986e-18 -7.047314121155778821e-19 6.001299641627853996e-22 1.517512464565282451e-19 1.921705999083193894e-20 1.064614535580248739e-19 1.340694336825947255e-20 2.812149384884277126e-19 6.708500942254058685e-19 1.410735703484546559e-25 -6.776263578034402713e-21 6.776263578034402713e-21 -6.776263578034402713e-21 1.694065894508600678e-21 9.486769009248163798e-20 1.831708748437424483e-20
